 
       CNRS - NERC - Met OFFICE - MERCATOR-ocean - CMCC - INGV
                              NEMO team
                   Ocean General Circulation Model
                         version 4.0  (2019) 
 
                         Timing Informations 
 
 
 
 
 Total timing (sum) :
 --------------------
Elapsed Time (s)  CPU Time (s)
          110.959      379.561
 
Averaged timing on all processors :
-----------------------------------
Section                   Elap. Time(s)  Elap. Time(%)  CPU Time(s)  CPU Time(%)  CPU/Elap Max elap(%)  Min elap(%)  Freq      Max time task
stp_ctl                   0.7957218E+07  ******            38.60     142.36        0.00  100398602.46    ******       1.00         11
iom_put_p0k               0.7957218E+07  ******            38.49     141.95        0.00  100398602.29    ******      11.00         11
nemo_init                 0.3098228E+01   39.09             6.35      23.41        2.05         39.14     39.08       1.00          0
scripremap_read_sgl       0.5557447E+00    7.01             1.99       7.34        3.58          7.02      7.00       8.00          4
tra_dmp                   0.3416815E+00    4.31             1.71       6.29        4.99          4.32      4.31       1.00          7
tra_qsr                   0.5764831E-01    0.73             0.46       1.69        7.94          0.73      0.73       1.00          3
sbc_ssr                   0.3720643E-01    0.47             0.29       1.09        7.91          0.47      0.47       1.00          0
tra_adv_fct               0.2670917E-01    0.34             0.18       0.65        6.62          0.36      0.32       1.00          7
tra_ldf_iso               0.2556117E-01    0.32             0.20       0.74        7.80          0.35      0.31       1.00          7
parinter_init             0.2497041E-01    0.32             0.04       0.16        1.76          0.32      0.31       8.00          8
icedyn_rhg                0.2083557E-01    0.26             0.14       0.53        6.87          0.27      0.25       1.00         10
dom_hgr                   0.2075920E-01    0.26             0.17       0.61        7.97          0.27      0.24       1.00         11
ldf_slp                   0.2023066E-01    0.26             0.14       0.53        7.09          0.26      0.24       1.00          6
sbc_stokes                0.1909334E-01    0.24             0.15       0.55        7.77          0.24      0.24       1.00          0
nonosc                    0.1656364E-01    0.21             0.13       0.49        7.94          0.23      0.19       2.00         11
sbc                       0.1614148E-01    0.20             0.12       0.46        7.66          0.21      0.20       1.00          2
dyn_vor                   0.1558226E-01    0.20             0.12       0.45        7.78          0.20      0.19       1.00          2
dyn_spg_ts                0.1527732E-01    0.19             0.10       0.39        6.86          0.20      0.18       1.00          2
dyn_nxt                   0.1416075E-01    0.18             0.10       0.37        7.16          0.21      0.17       1.00          6
nemogcmcoup_lim2_get      0.1415047E-01    0.18             0.10       0.39        7.41          0.18      0.17       2.00          1
sbc_rnf                   0.1370674E-01    0.17             0.11       0.40        7.93          0.17      0.17       1.00          3
tra_nxt                   0.1363626E-01    0.17             0.10       0.38        7.62          0.19      0.15       1.00         12
tmx_itf                   0.1294162E-01    0.16             0.10       0.37        7.80          0.17      0.16       1.00          4
dom_vvl_sf_swp            0.1281514E-01    0.16             0.10       0.36        7.71          0.17      0.14       1.00         10
ice_dyn_adv_pra           0.1253313E-01    0.16             0.07       0.27        5.74          0.17      0.15       1.00          4
zdf_phy                   0.1107675E-01    0.14             0.09       0.34        8.20          0.15      0.14       1.00          4
ldf_eiv_dia               0.9959622E-02    0.13             0.01       0.04        0.99          0.13      0.12       1.00          2
zdf_tmx                   0.9948174E-02    0.13             0.07       0.26        7.16          0.13      0.12       1.00          1
zdf_tke_tke               0.9261781E-02    0.12             0.07       0.26        7.60          0.13      0.10       1.00          8
dom_vvl_sf_nxt            0.8138879E-02    0.10             0.06       0.24        7.86          0.11      0.10       2.00          7
icestp                    0.7996241E-02    0.10             0.06       0.23        7.79          0.11      0.10       1.00          7
dia_wri                   0.6927564E-02    0.09             0.05       0.18        6.99          0.09      0.08       1.00         13
dyn_zdf                   0.6308246E-02    0.08             0.05       0.17        7.33          0.08      0.08       1.00          3
dyn_ldf                   0.5904269E-02    0.07             0.05       0.17        8.03          0.08      0.07       1.00          3
div_hor                   0.5826563E-02    0.07             0.04       0.15        7.14          0.08      0.06       2.00          3
ldf_eiv_trp               0.5342952E-02    0.07             0.01       0.02        1.00          0.07      0.07       1.00          3
tra_zdf_imp               0.4904424E-02    0.06             0.04       0.14        7.47          0.06      0.06       1.00          3
dyn_zad                   0.4668445E-02    0.06             0.04       0.14        8.06          0.07      0.05       1.00          0
ldf_eiv                   0.4602696E-02    0.06             0.04       0.14        8.04          0.07      0.05       1.00         10
ice_dyn_adv_pra_adv_y     0.4216848E-02    0.05             0.04       0.15        9.41          0.06      0.05      13.00          8
wzv                       0.4156689E-02    0.05             0.03       0.12        8.09          0.06      0.05       2.00         10
tra_adv                   0.4108008E-02    0.05             0.00       0.02        1.14          0.06      0.05       1.00          4
eos-pot                   0.4037308E-02    0.05             0.03       0.11        7.69          0.06      0.04       3.00          6
tra_sbc                   0.3825204E-02    0.05             0.03       0.11        8.04          0.05      0.05       1.00          5
dyn_keg                   0.3434551E-02    0.04             0.03       0.10        8.08          0.05      0.04       1.00          0
ice_dyn_adv_pra_adv_x     0.3386823E-02    0.04             0.03       0.10        8.14          0.05      0.04      13.00         11
zdf_ddm                   0.3282916E-02    0.04             0.03       0.09        7.65          0.05      0.04       1.00          6
rab_3d                    0.2980183E-02    0.04             0.02       0.08        7.45          0.04      0.03       2.00         10
dyn_hpg                   0.2956508E-02    0.04             0.02       0.09        8.12          0.05      0.03       1.00          7
zdf_sh2                   0.2951606E-02    0.04             0.02       0.08        7.42          0.04      0.03       1.00          2
bn2                       0.2909500E-02    0.04             0.02       0.09        8.20          0.04      0.03       2.00          6
parinter_fld_mult         0.2905128E-02    0.04             0.02       0.08        7.84          0.04      0.03      10.00         10
zdf_mxl                   0.2723228E-02    0.03             0.02       0.06        6.05          0.04      0.03       1.00         10
scripremap_alloc          0.2674162E-02    0.03             0.01       0.02        2.13          0.04      0.02       8.00         11
zdf_tke_avn               0.2619402E-02    0.03             0.02       0.08        8.39          0.04      0.03       1.00          4
zdf_evd                   0.2280343E-02    0.03             0.02       0.06        6.99          0.03      0.03       1.00          0
stp_oceandyn              0.2146637E-02    0.03             0.02       0.06        7.70          0.03      0.02       1.00          0
icedyn_rdgrft             0.1812735E-02    0.02             0.01       0.05        7.19          0.04      0.01       1.00          8
stp_tracers               0.1750236E-02    0.02             0.01       0.05        7.49          0.02      0.02       1.00         12
sbc_hbp                   0.1714750E-02    0.02             0.01       0.05        7.99          0.02      0.02       1.00          0
iceupdate_flx             0.1650613E-02    0.02             0.01       0.02        3.20          0.03      0.02       1.00          2
tra_bbl                   0.1632186E-02    0.02             0.01       0.04        7.31          0.02      0.02       1.00          8
nemogcmcoup_coupinit      0.1612689E-02    0.02             0.01       0.02        3.49          0.02      0.02       1.00          2
sbc_sglcpl_ice_flx        0.1602676E-02    0.02             0.01       0.05        7.85          0.02      0.02       1.00          0
ice_thd_jllopp            0.1500868E-02    0.02             0.01       0.03        4.77          0.03      0.01       1.00          8
ice_thd_main              0.1417892E-02    0.02             0.01       0.04        7.44          0.03      0.00       1.00          3
icecor                    0.1368295E-02    0.02             0.01       0.04        7.08          0.03      0.01       2.00          0
nemogcmcoup_wam_get       0.1297904E-02    0.02             0.01       0.04        8.06          0.04      0.00       1.00         11
eos-insitu                0.1237033E-02    0.02             0.01       0.03        7.06          0.02      0.01       1.00          5
nemogcmcoup_lim2_update   0.1171221E-02    0.01             0.01       0.03        7.95          0.02      0.01       1.00         10
nemogcmcoup_wam_coupinit  0.1127140E-02    0.01             0.01       0.02        5.10          0.02      0.01       1.00         13
zps_hde                   0.1078505E-02    0.01             0.01       0.03        7.67          0.02      0.01       1.00          0
 
Maximum timing over all MPI tasks :
-----------------------------------
Section                   Elap. Time(s)  Elap. Time(%)  CPU Time(s)  CPU Time(%)  CPU/Elap      Freq      Max time task
stp_ctl                   0.7957245E+07  ******            38.60     142.36        0.00          1.00         11
iom_put_p0k               0.7957245E+07  ******            38.49     141.95        0.00         11.00         11
nemo_init                 0.3102062E+01   39.14             6.35      23.41        2.05          1.00          0
scripremap_read_sgl       0.5565201E+00    7.02             1.99       7.34        3.58          8.00          4
tra_dmp                   0.3420502E+00    4.32             1.71       6.29        4.99          1.00          7
tra_qsr                   0.5771556E-01    0.73             0.46       1.69        7.94          1.00          3
sbc_ssr                   0.3724570E-01    0.47             0.29       1.09        7.91          1.00          0
tra_adv_fct               0.2821832E-01    0.36             0.18       0.65        6.62          1.00          7
tra_ldf_iso               0.2739767E-01    0.35             0.20       0.74        7.80          1.00          7
parinter_init             0.2542373E-01    0.32             0.04       0.16        1.76          8.00          8
dom_hgr                   0.2104605E-01    0.27             0.17       0.61        7.97          1.00         11
icedyn_rhg                0.2101322E-01    0.27             0.14       0.53        6.87          1.00         10
ldf_slp                   0.2053461E-01    0.26             0.14       0.53        7.09          1.00          6
sbc_stokes                0.1916180E-01    0.24             0.15       0.55        7.77          1.00          0
nonosc                    0.1802062E-01    0.23             0.13       0.49        7.94          2.00         11
dyn_nxt                   0.1644025E-01    0.21             0.10       0.37        7.16          1.00          6
sbc                       0.1632218E-01    0.21             0.12       0.46        7.66          1.00          2
dyn_vor                   0.1591648E-01    0.20             0.12       0.45        7.78          1.00          2
dyn_spg_ts                0.1576313E-01    0.20             0.10       0.39        6.86          1.00          2
tra_nxt                   0.1505919E-01    0.19             0.10       0.38        7.62          1.00         12
nemogcmcoup_lim2_get      0.1424390E-01    0.18             0.10       0.39        7.41          2.00          1
sbc_rnf                   0.1371972E-01    0.17             0.11       0.40        7.93          1.00          3
tmx_itf                   0.1341061E-01    0.17             0.10       0.37        7.80          1.00          4
dom_vvl_sf_swp            0.1315691E-01    0.17             0.10       0.36        7.71          1.00         10
ice_dyn_adv_pra           0.1313971E-01    0.17             0.07       0.27        5.74          1.00          4
zdf_phy                   0.1155756E-01    0.15             0.09       0.34        8.20          1.00          4
ldf_eiv_dia               0.1043168E-01    0.13             0.01       0.04        0.99          1.00          2
zdf_tke_tke               0.1041453E-01    0.13             0.07       0.26        7.60          1.00          8
zdf_tmx                   0.1038439E-01    0.13             0.07       0.26        7.16          1.00          1
icestp                    0.8880276E-02    0.11             0.06       0.23        7.79          1.00          7
dom_vvl_sf_nxt            0.8384519E-02    0.11             0.06       0.24        7.86          2.00          7
dia_wri                   0.7287816E-02    0.09             0.05       0.18        6.99          1.00         13
div_hor                   0.6628873E-02    0.08             0.04       0.15        7.14          2.00          3
dyn_zdf                   0.6368268E-02    0.08             0.05       0.17        7.33          1.00          3
dyn_ldf                   0.6201136E-02    0.08             0.05       0.17        8.03          1.00          3
ldf_eiv                   0.5681407E-02    0.07             0.04       0.14        8.04          1.00         10
ldf_eiv_trp               0.5486314E-02    0.07             0.01       0.02        1.00          1.00          3
dyn_zad                   0.5360491E-02    0.07             0.04       0.14        8.06          1.00          0
tra_zdf_imp               0.5114745E-02    0.06             0.04       0.14        7.47          1.00          3
wzv                       0.4603585E-02    0.06             0.03       0.12        8.09          2.00         10
ice_dyn_adv_pra_adv_y     0.4555693E-02    0.06             0.04       0.15        9.41         13.00          8
tra_adv                   0.4461181E-02    0.06             0.00       0.02        1.14          1.00          4
eos-pot                   0.4447561E-02    0.06             0.03       0.11        7.69          3.00          6
zdf_ddm                   0.4190429E-02    0.05             0.03       0.09        7.65          1.00          6
tra_sbc                   0.4160602E-02    0.05             0.03       0.11        8.04          1.00          5
dyn_hpg                   0.3841879E-02    0.05             0.02       0.09        8.12          1.00          7
dyn_keg                   0.3785868E-02    0.05             0.03       0.10        8.08          1.00          0
ice_dyn_adv_pra_adv_x     0.3641790E-02    0.05             0.03       0.10        8.14         13.00         11
scripremap_alloc          0.3493893E-02    0.04             0.01       0.02        2.13          8.00         11
rab_3d                    0.3352086E-02    0.04             0.02       0.08        7.45          2.00         10
parinter_fld_mult         0.3308441E-02    0.04             0.02       0.08        7.84         10.00         10
bn2                       0.3279679E-02    0.04             0.02       0.09        8.20          2.00          6
zdf_sh2                   0.3277800E-02    0.04             0.02       0.08        7.42          1.00          2
zdf_tke_avn               0.3105214E-02    0.04             0.02       0.08        8.39          1.00          4
zdf_mxl                   0.2949078E-02    0.04             0.02       0.06        6.05          1.00         10
nemogcmcoup_wam_get       0.2930950E-02    0.04             0.01       0.04        8.06          1.00         11
icedyn_rdgrft             0.2888457E-02    0.04             0.01       0.05        7.19          1.00          8
zdf_evd                   0.2588031E-02    0.03             0.02       0.06        6.99          1.00          0
stp_oceandyn              0.2442914E-02    0.03             0.02       0.06        7.70          1.00          0
ice_thd_jllopp            0.2294635E-02    0.03             0.01       0.03        4.77          1.00          8
iceupdate_flx             0.2128367E-02    0.03             0.01       0.02        3.20          1.00          2
icecor                    0.2123999E-02    0.03             0.01       0.04        7.08          2.00          0
sbc_isf_div               0.2048813E-02    0.03             0.01       0.04       16.06          2.00          9
ice_thd_main              0.2048155E-02    0.03             0.01       0.04        7.44          1.00          3
sbc_hbp                   0.1910991E-02    0.02             0.01       0.05        7.99          1.00          0
stp_tracers               0.1857169E-02    0.02             0.01       0.05        7.49          1.00         12
nemogcmcoup_coupinit      0.1775344E-02    0.02             0.01       0.02        3.49          1.00          2
tra_bbl                   0.1742995E-02    0.02             0.01       0.04        7.31          1.00          8
sbc_sglcpl_ice_flx        0.1742934E-02    0.02             0.01       0.05        7.85          1.00          0
tra_zdf                   0.1661883E-02    0.02             0.01       0.03        9.40          1.00          5
eos-insitu                0.1383189E-02    0.02             0.01       0.03        7.06          1.00          5
zps_hde                   0.1365021E-02    0.02             0.01       0.03        7.67          1.00          0
nemogcmcoup_lim2_update   0.1279492E-02    0.02             0.01       0.03        7.95          1.00         10
nemogcmcoup_wam_coupinit  0.1234709E-02    0.02             0.01       0.02        5.10          1.00         13
zdf_drg                   0.1095962E-02    0.01             0.01       0.02        8.69          1.00         12
 
Averaged CPU time on all processors :
-------------------------------------
Section                   CPU Time(s)  CPU Time(%)    Elap. Time(s) Elap. Time(%) CPU/Elap
stp_ctl                   0.3859643E+02  142.36       7957218.00     ******        0.00
iom_put_p0k               0.3848565E+02  141.95       7957217.99     ******        0.00
nemo_init                 0.6347451E+01   23.41             3.10      39.09        2.05
scripremap_read_sgl       0.1990304E+01    7.34             0.56       7.01        3.58
tra_dmp                   0.1705503E+01    6.29             0.34       4.31        4.99
tra_qsr                   0.4577881E+00    1.69             0.06       0.73        7.94
sbc_ssr                   0.2944081E+00    1.09             0.04       0.47        7.91
tra_ldf_iso               0.1993264E+00    0.74             0.03       0.32        7.80
tra_adv_fct               0.1768745E+00    0.65             0.03       0.34        6.62
dom_hgr                   0.1655311E+00    0.61             0.02       0.26        7.97
sbc_stokes                0.1482731E+00    0.55             0.02       0.24        7.77
ldf_slp                   0.1433712E+00    0.53             0.02       0.26        7.09
icedyn_rhg                0.1431442E+00    0.53             0.02       0.26        6.87
nonosc                    0.1315300E+00    0.49             0.02       0.21        7.94
sbc                       0.1236832E+00    0.46             0.02       0.20        7.66
dyn_vor                   0.1211601E+00    0.45             0.02       0.20        7.78
sbc_rnf                   0.1087401E+00    0.40             0.01       0.17        7.93
nemogcmcoup_lim2_get      0.1048936E+00    0.39             0.01       0.18        7.41
dyn_spg_ts                0.1047836E+00    0.39             0.02       0.19        6.86
tra_nxt                   0.1038539E+00    0.38             0.01       0.17        7.62
dyn_nxt                   0.1014196E+00    0.37             0.01       0.18        7.16
tmx_itf                   0.1009239E+00    0.37             0.01       0.16        7.80
dom_vvl_sf_swp            0.9878143E-01    0.36             0.01       0.16        7.71
zdf_phy                   0.9083993E-01    0.34             0.01       0.14        8.20
ice_dyn_adv_pra           0.7198443E-01    0.27             0.01       0.16        5.74
zdf_tmx                   0.7119636E-01    0.26             0.01       0.13        7.16
zdf_tke_tke               0.7036071E-01    0.26             0.01       0.12        7.60
dom_vvl_sf_nxt            0.6393864E-01    0.24             0.01       0.10        7.86
icestp                    0.6229114E-01    0.23             0.01       0.10        7.79
dia_wri                   0.4841257E-01    0.18             0.01       0.09        6.99
dyn_ldf                   0.4742257E-01    0.17             0.01       0.07        8.03
dyn_zdf                   0.4624593E-01    0.17             0.01       0.08        7.33
parinter_init             0.4386786E-01    0.16             0.02       0.32        1.76
div_hor                   0.4159229E-01    0.15             0.01       0.07        7.14
ice_dyn_adv_pra_adv_y     0.3966707E-01    0.15             0.00       0.05        9.41
dyn_zad                   0.3760800E-01    0.14             0.00       0.06        8.06
ldf_eiv                   0.3701979E-01    0.14             0.00       0.06        8.04
tra_zdf_imp               0.3664979E-01    0.14             0.00       0.06        7.47
wzv                       0.3363100E-01    0.12             0.00       0.05        8.09
eos-pot                   0.3104164E-01    0.11             0.00       0.05        7.69
tra_sbc                   0.3076343E-01    0.11             0.00       0.05        8.04
dyn_keg                   0.2773807E-01    0.10             0.00       0.04        8.08
ice_dyn_adv_pra_adv_x     0.2756507E-01    0.10             0.00       0.04        8.14
zdf_ddm                   0.2512043E-01    0.09             0.00       0.04        7.65
dyn_hpg                   0.2400671E-01    0.09             0.00       0.04        8.12
bn2                       0.2386714E-01    0.09             0.00       0.04        8.20
parinter_fld_mult         0.2278143E-01    0.08             0.00       0.04        7.84
rab_3d                    0.2220400E-01    0.08             0.00       0.04        7.45
zdf_tke_avn               0.2196536E-01    0.08             0.00       0.03        8.39
zdf_sh2                   0.2190486E-01    0.08             0.00       0.04        7.42
stp_oceandyn              0.1653714E-01    0.06             0.00       0.03        7.70
zdf_mxl                   0.1648464E-01    0.06             0.00       0.03        6.05
zdf_evd                   0.1593429E-01    0.06             0.00       0.03        6.99
sbc_hbp                   0.1369329E-01    0.05             0.00       0.02        7.99
stp_tracers               0.1310136E-01    0.05             0.00       0.02        7.49
icedyn_rdgrft             0.1303093E-01    0.05             0.00       0.02        7.19
sbc_sglcpl_ice_flx        0.1258700E-01    0.05             0.00       0.02        7.85
tra_bbl                   0.1193643E-01    0.04             0.00       0.02        7.31
ice_thd_main              0.1055136E-01    0.04             0.00       0.02        7.44
nemogcmcoup_wam_get       0.1045629E-01    0.04             0.00       0.02        8.06
ldf_eiv_dia               0.9907071E-02    0.04             0.01       0.13        0.99
icecor                    0.9684143E-02    0.04             0.00       0.02        7.08
nemogcmcoup_lim2_update   0.9311429E-02    0.03             0.00       0.01        7.95
eos-insitu                0.8736500E-02    0.03             0.00       0.02        7.06
zps_hde                   0.8277000E-02    0.03             0.00       0.01        7.67
ice_thd_jllopp            0.7162571E-02    0.03             0.00       0.02        4.77
nemogcmcoup_wam_coupinit  0.5745071E-02    0.02             0.00       0.01        5.10
scripremap_alloc          0.5705071E-02    0.02             0.00       0.03        2.13
nemogcmcoup_coupinit      0.5620929E-02    0.02             0.00       0.02        3.49
ldf_eiv_trp               0.5351786E-02    0.02             0.01       0.07        1.00
iceupdate_flx             0.5289286E-02    0.02             0.00       0.02        3.20
tra_adv                   0.4675500E-02    0.02             0.00       0.05        1.14
 
Averaged inclusive timing on all processors :
---------------------------------------------
Section                   Elap. Time(s)  Elap. Time(%)  CPU Time(s)  CPU Time(%)  CPU/Elap Max elap(%)  Min elap(%)  Freq      Max time task
stp_ctl                   0.7957218E+07  ******            38.60     142.36        0.00  100398602.46    ******       1.00         11
iom_put_p0k               0.7957218E+07  ******            38.49     141.95        0.00  100398602.29    ******      11.00         11
nemo_init                 0.3119143E+01   39.36             6.51      24.02        2.09         39.14     39.08       1.00          0
scripremap_read_sgl       0.5583122E+00    7.04             2.00       7.36        3.58          7.02      7.00       8.00          4
stp_tracers               0.5013673E+00    6.33             2.80      10.32        5.58          0.02      0.02       1.00         12
tra_dmp                   0.3417121E+00    4.31             1.71       6.29        4.99          4.32      4.31       1.00          7
nemogcmcoup_coupinit      0.3034504E+00    3.83             0.40       1.48        1.32          0.02      0.02       1.00          2
nemogcmcoup_wam_coupinit  0.2829278E+00    3.57             1.65       6.09        5.84          0.02      0.01       1.00         13
sbc                       0.1531508E+00    1.93             1.14       4.22        7.46          0.21      0.20       1.00          2
stp_oceandyn              0.7727162E-01    0.97             0.59       2.18        7.63          0.03      0.02       1.00          0
icestp                    0.6291719E-01    0.79             0.44       1.61        6.93          0.11      0.10       1.00          7
tra_adv                   0.6256325E-01    0.79             0.33       1.21        5.24          0.06      0.05       1.00          4
zdf_phy                   0.5831651E-01    0.74             0.44       1.64        7.61          0.15      0.14       1.00          4
tra_qsr                   0.5767885E-01    0.73             0.46       1.69        7.94          0.73      0.73       1.00          3
tra_adv_fct               0.4336443E-01    0.55             0.31       1.14        7.11          0.36      0.32       1.00          7
sbc_ssr                   0.3723697E-01    0.47             0.29       1.09        7.91          0.47      0.47       1.00          0
tra_ldf_iso               0.2559171E-01    0.32             0.20       0.74        7.79          0.35      0.31       1.00          7
parinter_init             0.2521472E-01    0.32             0.04       0.16        1.74          0.32      0.31       8.00          8
zdf_tmx                   0.2292081E-01    0.29             0.17       0.64        7.51          0.13      0.12       1.00          1
ice_dyn_adv_pra           0.2144450E-01    0.27             0.14       0.52        6.59          0.17      0.15       1.00          4
icedyn_rhg                0.2109087E-01    0.27             0.15       0.54        6.89          0.27      0.25       1.00         10
dom_hgr                   0.2078974E-01    0.26             0.17       0.61        7.96          0.27      0.24       1.00         11
ldf_slp                   0.2026120E-01    0.26             0.14       0.53        7.08          0.26      0.24       1.00          6
sbc_stokes                0.1903277E-01    0.24             0.15       0.55        7.79          0.24      0.24       1.00          0
nonosc                    0.1662472E-01    0.21             0.13       0.49        7.91          0.23      0.19       2.00         11
dyn_vor                   0.1561280E-01    0.20             0.12       0.45        7.76          0.20      0.19       1.00          2
nemogcmcoup_lim2_get      0.1538317E-01    0.19             0.11       0.41        7.26          0.18      0.17       2.00          1
dyn_spg_ts                0.1515957E-01    0.19             0.10       0.39        6.91          0.20      0.18       1.00          2
ldf_eiv_trp               0.1515183E-01    0.19             0.02       0.06        0.99          0.07      0.07       1.00          3
dyn_nxt                   0.1419129E-01    0.18             0.10       0.37        7.15          0.21      0.17       1.00          6
sbc_rnf                   0.1370692E-01    0.17             0.11       0.40        7.93          0.17      0.17       1.00          3
tra_nxt                   0.1366680E-01    0.17             0.10       0.38        7.60          0.19      0.15       1.00         12
tmx_itf                   0.1297216E-01    0.16             0.10       0.37        7.78          0.17      0.16       1.00          4
dom_vvl_sf_swp            0.1284568E-01    0.16             0.10       0.36        7.69          0.17      0.14       1.00         10
ldf_eiv_dia               0.9778335E-02    0.12             0.01       0.04        0.99          0.13      0.12       1.00          2
zdf_tke_tke               0.9292320E-02    0.12             0.07       0.26        7.57          0.13      0.10       1.00          8
dom_vvl_sf_nxt            0.8199957E-02    0.10             0.06       0.24        7.80          0.11      0.10       2.00          7
div_hor                   0.6546522E-02    0.08             0.05       0.19        7.95          0.08      0.06       2.00          3
dyn_zdf                   0.6368920E-02    0.08             0.05       0.17        7.27          0.08      0.08       1.00          3
dia_wri                   0.6012712E-02    0.08             0.05       0.18        7.99          0.09      0.08       1.00         13
dyn_ldf                   0.5934808E-02    0.07             0.05       0.17        7.99          0.08      0.07       1.00          3
tra_zdf_imp               0.4934963E-02    0.06             0.04       0.14        7.43          0.06      0.06       1.00          3
dyn_zad                   0.4698984E-02    0.06             0.04       0.14        8.00          0.07      0.05       1.00          0
ldf_eiv                   0.4633235E-02    0.06             0.04       0.14        7.99          0.07      0.05       1.00         10
ice_dyn_adv_pra_adv_y     0.4613855E-02    0.06             0.04       0.15        8.60          0.06      0.05      13.00          8
wzv                       0.4217767E-02    0.05             0.03       0.12        7.97          0.06      0.05       2.00         10
eos-pot                   0.4128925E-02    0.05             0.03       0.11        7.52          0.06      0.04       3.00          6
tra_sbc                   0.3855743E-02    0.05             0.03       0.11        7.98          0.05      0.05       1.00          5
ice_dyn_adv_pra_adv_x     0.3783830E-02    0.05             0.03       0.10        7.28          0.05      0.04      13.00         11
dyn_keg                   0.3465090E-02    0.04             0.03       0.10        8.01          0.05      0.04       1.00          0
zdf_ddm                   0.3313455E-02    0.04             0.03       0.09        7.58          0.05      0.04       1.00          6
parinter_fld_mult         0.3210518E-02    0.04             0.02       0.08        7.10          0.04      0.03      10.00         10
zdf_mxl                   0.3172431E-02    0.04             0.02       0.07        6.27          0.04      0.03       1.00         10
sbc_hbp                   0.3073076E-02    0.04             0.02       0.09        7.92          0.02      0.02       1.00          0
rab_3d                    0.3041261E-02    0.04             0.02       0.08        7.30          0.04      0.03       2.00         10
dyn_hpg                   0.2987047E-02    0.04             0.02       0.09        8.04          0.05      0.03       1.00          7
zdf_sh2                   0.2982145E-02    0.04             0.02       0.08        7.35          0.04      0.03       1.00          2
bn2                       0.2970578E-02    0.04             0.02       0.09        8.03          0.04      0.03       2.00          6
zdf_tke_avn               0.2649941E-02    0.03             0.02       0.08        8.29          0.04      0.03       1.00          4
scripremap_alloc          0.2441728E-02    0.03             0.01       0.02        2.22          0.04      0.02       8.00         11
nemogcmcoup_lim2_update   0.2305030E-02    0.03             0.02       0.07        7.83          0.02      0.01       1.00         10
zdf_evd                   0.2250609E-02    0.03             0.02       0.06        7.16          0.03      0.03       1.00          0
icedyn_rdgrft             0.1843274E-02    0.02             0.01       0.05        7.07          0.04      0.01       1.00          8
tra_bbl                   0.1772870E-02    0.02             0.01       0.05        7.77          0.02      0.02       1.00          8
icecor                    0.1726295E-02    0.02             0.01       0.05        7.58          0.03      0.01       2.00          0
sbc_sglcpl_ice_flx        0.1572484E-02    0.02             0.01       0.05        7.98          0.02      0.02       1.00          0
ice_thd_jllopp            0.1531407E-02    0.02             0.01       0.03        4.68          0.03      0.01       1.00          8
ice_thd_main              0.1448431E-02    0.02             0.01       0.04        7.28          0.03      0.00       1.00          3
nemogcmcoup_wam_get       0.1414953E-02    0.02             0.01       0.04        7.94          0.04      0.00       1.00         11
zps_hde                   0.1348140E-02    0.02             0.01       0.04        7.74          0.02      0.01       1.00          0
eos-insitu                0.1267572E-02    0.02             0.01       0.03        6.89          0.02      0.01       1.00          5
iceupdate_flx             0.7814678E-03    0.01             0.01       0.02        7.38          0.03      0.02       1.00          2
 
Averaged inclusive CPU time on all processors :
-----------------------------------------------
Section                   CPU Time(s)  CPU Time(%)    Elap. Time(s) Elap. Time(%) CPU/Elap
stp_ctl                   0.3859643E+02  142.36       7957218.00     ******        0.00
iom_put_p0k               0.3848565E+02  141.95       7957217.99     ******        0.00
nemo_init                 0.6347451E+01   23.41             3.10      39.09        2.05
stp_tracers               0.1310136E-01    0.05             0.00       0.02        7.49
scripremap_read_sgl       0.1990304E+01    7.34             0.56       7.01        3.58
tra_dmp                   0.1705503E+01    6.29             0.34       4.31        4.99
nemogcmcoup_wam_coupinit  0.5745071E-02    0.02             0.00       0.01        5.10
sbc                       0.1236832E+00    0.46             0.02       0.20        7.66
stp_oceandyn              0.1653714E-01    0.06             0.00       0.03        7.70
tra_qsr                   0.4577881E+00    1.69             0.06       0.73        7.94
zdf_phy                   0.9083993E-01    0.34             0.01       0.14        8.20
icestp                    0.6229114E-01    0.23             0.01       0.10        7.79
nemogcmcoup_coupinit      0.5620929E-02    0.02             0.00       0.02        3.49
tra_adv                   0.4675500E-02    0.02             0.00       0.05        1.14
tra_adv_fct               0.1768745E+00    0.65             0.03       0.34        6.62
sbc_ssr                   0.2944081E+00    1.09             0.04       0.47        7.91
tra_ldf_iso               0.1993264E+00    0.74             0.03       0.32        7.80
zdf_tmx                   0.7119636E-01    0.26             0.01       0.13        7.16
dom_hgr                   0.1655311E+00    0.61             0.02       0.26        7.97
sbc_stokes                0.1482731E+00    0.55             0.02       0.24        7.77
icedyn_rhg                0.1431442E+00    0.53             0.02       0.26        6.87
ldf_slp                   0.1433712E+00    0.53             0.02       0.26        7.09
ice_dyn_adv_pra           0.7198443E-01    0.27             0.01       0.16        5.74
nonosc                    0.1315300E+00    0.49             0.02       0.21        7.94
dyn_vor                   0.1211601E+00    0.45             0.02       0.20        7.78
nemogcmcoup_lim2_get      0.1048936E+00    0.39             0.01       0.18        7.41
sbc_rnf                   0.1087401E+00    0.40             0.01       0.17        7.93
dyn_spg_ts                0.1047836E+00    0.39             0.02       0.19        6.86
tra_nxt                   0.1038539E+00    0.38             0.01       0.17        7.62
dyn_nxt                   0.1014196E+00    0.37             0.01       0.18        7.16
tmx_itf                   0.1009239E+00    0.37             0.01       0.16        7.80
dom_vvl_sf_swp            0.9878143E-01    0.36             0.01       0.16        7.71
zdf_tke_tke               0.7036071E-01    0.26             0.01       0.12        7.60
dom_vvl_sf_nxt            0.6393864E-01    0.24             0.01       0.10        7.86
div_hor                   0.4159229E-01    0.15             0.01       0.07        7.14
dia_wri                   0.4841257E-01    0.18             0.01       0.09        6.99
dyn_ldf                   0.4742257E-01    0.17             0.01       0.07        8.03
dyn_zdf                   0.4624593E-01    0.17             0.01       0.08        7.33
parinter_init             0.4386786E-01    0.16             0.02       0.32        1.76
ice_dyn_adv_pra_adv_y     0.3966707E-01    0.15             0.00       0.05        9.41
dyn_zad                   0.3760800E-01    0.14             0.00       0.06        8.06
ldf_eiv                   0.3701979E-01    0.14             0.00       0.06        8.04
tra_zdf_imp               0.3664979E-01    0.14             0.00       0.06        7.47
wzv                       0.3363100E-01    0.12             0.00       0.05        8.09
eos-pot                   0.3104164E-01    0.11             0.00       0.05        7.69
tra_sbc                   0.3076343E-01    0.11             0.00       0.05        8.04
dyn_keg                   0.2773807E-01    0.10             0.00       0.04        8.08
ice_dyn_adv_pra_adv_x     0.2756507E-01    0.10             0.00       0.04        8.14
zdf_ddm                   0.2512043E-01    0.09             0.00       0.04        7.65
sbc_hbp                   0.1369329E-01    0.05             0.00       0.02        7.99
dyn_hpg                   0.2400671E-01    0.09             0.00       0.04        8.12
bn2                       0.2386714E-01    0.09             0.00       0.04        8.20
parinter_fld_mult         0.2278143E-01    0.08             0.00       0.04        7.84
rab_3d                    0.2220400E-01    0.08             0.00       0.04        7.45
zdf_tke_avn               0.2196536E-01    0.08             0.00       0.03        8.39
zdf_sh2                   0.2190486E-01    0.08             0.00       0.04        7.42
zdf_mxl                   0.1648464E-01    0.06             0.00       0.03        6.05
nemogcmcoup_lim2_update   0.9311429E-02    0.03             0.00       0.01        7.95
zdf_evd                   0.1593429E-01    0.06             0.00       0.03        6.99
ldf_eiv_trp               0.5351786E-02    0.02             0.01       0.07        1.00
tra_bbl                   0.1193643E-01    0.04             0.00       0.02        7.31
icecor                    0.9684143E-02    0.04             0.00       0.02        7.08
icedyn_rdgrft             0.1303093E-01    0.05             0.00       0.02        7.19
sbc_sglcpl_ice_flx        0.1258700E-01    0.05             0.00       0.02        7.85
nemogcmcoup_wam_get       0.1045629E-01    0.04             0.00       0.02        8.06
ice_thd_main              0.1055136E-01    0.04             0.00       0.02        7.44
zps_hde                   0.8277000E-02    0.03             0.00       0.01        7.67
ldf_eiv_dia               0.9907071E-02    0.04             0.01       0.13        0.99
eos-insitu                0.8736500E-02    0.03             0.00       0.02        7.06
ice_thd_jllopp            0.7162571E-02    0.03             0.00       0.02        4.77
iceupdate_flx             0.5289286E-02    0.02             0.00       0.02        3.20
scripremap_alloc          0.5705071E-02    0.02             0.00       0.03        2.13
 
 MPI summary report :
 --------------------

 Process Rank | Elapsed Time (s) | CPU Time (s) | Ratio CPU/Elapsed
 -------------|------------------|--------------|------------------
         0    |       7.926      |      25.560  |      3.225
         1    |       7.926      |      27.261  |      3.440
         2    |       7.926      |      27.239  |      3.437
         3    |       7.926      |      27.215  |      3.434
         4    |       7.926      |      27.282  |      3.442
         5    |       7.926      |      27.134  |      3.424
         6    |       7.926      |      27.227  |      3.435
         7    |       7.926      |      27.219  |      3.434
         8    |       7.926      |      27.202  |      3.432
         9    |       7.926      |      27.238  |      3.437
        10    |       7.926      |      27.255  |      3.439
        11    |       7.926      |      27.365  |      3.453
        12    |       7.926      |      27.256  |      3.439
        13    |       7.926      |      27.107  |      3.420
 -------------|------------------|--------------|------------------
 Total        |     110.959      |     379.561  |      3.421
 -------------|------------------|--------------|------------------
 Minimum      |       7.926      |      25.560  |      3.225
 -------------|------------------|--------------|------------------
 Maximum      |       7.926      |      27.365  |      3.453
 -------------|------------------|--------------|------------------
 Average      |       7.926      |      27.112  |      3.421
 
 Detailed timing for proc :           0
 --------------------------
 Section                     Elapsed Time (s)  Elapsed Time (%)  CPU Time(s)  
 CPU Time (%)  CPU/Elapsed  Frequency
 stp_ctl                      7957231.451      ************       36.533       142.929        0.000          1
 iom_put_p0k                  7957231.436      ************       36.422       142.495        0.000         11
 nemo_init                          3.102            39.140        5.646        22.089        1.820          1
 scripremap_read_sgl                0.556             7.015        1.593         6.231        2.865          8
 tra_dmp                            0.342             4.312        1.562         6.113        4.571          1
 tra_qsr                            0.058             0.728        0.460         1.799        7.971          1
 sbc_ssr                            0.037             0.470        0.264         1.033        7.090          1
 tra_adv_fct                        0.028             0.353        0.185         0.723        6.596          1
 tra_ldf_iso                        0.027             0.339        0.211         0.825        7.847          1
 parinter_init                      0.025             0.312        0.042         0.164        1.688          8
 icedyn_rhg                         0.021             0.263        0.144         0.563        6.902          1
 ldf_slp                            0.020             0.258        0.145         0.566        7.081          1
 sbc_stokes                         0.019             0.242        0.147         0.576        7.688          1
 dom_hgr                            0.019             0.236        0.149         0.583        7.978          1
 sbc                                0.016             0.204        0.120         0.468        7.399          1
 nonosc                             0.015             0.193        0.122         0.478        7.973          2
 dyn_spg_ts                         0.015             0.192        0.108         0.422        7.102          1
 dyn_vor                            0.015             0.188        0.114         0.446        7.662          1
 tra_nxt                            0.014             0.175        0.106         0.413        7.620          1
 sbc_rnf                            0.014             0.173        0.103         0.405        7.551          1
 nemogcmcoup_lim2_get               0.013             0.170        0.099         0.388        7.385          2
 dyn_nxt                            0.013             0.170        0.099         0.386        7.342          1
 tmx_itf                            0.013             0.169        0.102         0.398        7.618          1
 ice_dyn_adv_pra                    0.012             0.152        0.074         0.289        6.142          1
 dom_vvl_sf_swp                     0.011             0.142        0.088         0.343        7.789          1
 zdf_phy                            0.011             0.139        0.092         0.360        8.379          1
 ldf_eiv_dia                        0.010             0.125        0.010         0.039        0.995          1
 zdf_tmx                            0.010             0.120        0.071         0.278        7.455          1
 zdf_tke_tke                        0.010             0.120        0.071         0.279        7.489          1
 dom_vvl_sf_nxt                     0.008             0.098        0.062         0.242        7.983          2
 icestp                             0.008             0.097        0.060         0.234        7.766          1
 dia_wri                            0.007             0.089        0.050         0.196        7.075          1
 div_hor                            0.006             0.082        0.043         0.170        6.687          2
 dyn_zdf                            0.006             0.080        0.048         0.188        7.594          1
 dyn_ldf                            0.006             0.073        0.047         0.183        8.029          1
 dyn_zad                            0.005             0.068        0.043         0.168        8.015          1
 ldf_eiv_trp                        0.005             0.067        0.005         0.021        1.001          1
 tra_zdf_imp                        0.005             0.063        0.036         0.142        7.244          1
 ice_dyn_adv_pra_adv_y              0.005             0.057        0.042         0.166        9.310         13
 ldf_eiv                            0.004             0.055        0.035         0.137        8.036          1
 wzv                                0.004             0.052        0.034         0.131        8.069          2
 tra_adv                            0.004             0.051        0.006         0.022        1.402          1
 dyn_keg                            0.004             0.048        0.031         0.119        8.057          1
 tra_sbc                            0.004             0.047        0.030         0.117        8.042          1
 ice_dyn_adv_pra_adv_x              0.004             0.045        0.022         0.087        6.167         13
 eos-pot                            0.003             0.044        0.027         0.107        7.868          3
 parinter_fld_mult                  0.003             0.041        0.025         0.098        7.634         10
 zdf_ddm                            0.003             0.040        0.024         0.095        7.702          1
 zdf_tke_avn                        0.003             0.039        0.024         0.093        7.804          1
 dyn_hpg                            0.003             0.038        0.024         0.095        8.104          1
 zdf_sh2                            0.003             0.037        0.020         0.080        6.938          1
 bn2                                0.003             0.035        0.023         0.090        8.184          2
 rab_3d                             0.003             0.034        0.021         0.082        7.716          2
 zdf_mxl                            0.003             0.033        0.016         0.061        6.041          1
 zdf_evd                            0.003             0.033        0.017         0.065        6.383          1
 scripremap_alloc                   0.003             0.032        0.007         0.028        2.756          8
 stp_oceandyn                       0.002             0.031        0.020         0.080        8.367          1
 icecor                             0.002             0.027        0.014         0.053        6.436          2
 ice_thd_main                       0.002             0.026        0.015         0.058        7.293          1
 sbc_hbp                            0.002             0.024        0.015         0.057        7.665          1
 sbc_sglcpl_ice_flx                 0.002             0.022        0.014         0.054        7.853          1
 stp_tracers                        0.002             0.021        0.012         0.046        6.968          1
 nemogcmcoup_coupinit               0.002             0.021        0.006         0.022        3.427          1
 tra_bbl                            0.002             0.019        0.011         0.044        7.342          1
 iceupdate_flx                      0.001             0.018        0.005         0.018        3.285          1
 zps_hde                            0.001             0.017        0.011         0.041        7.699          1
 nemogcmcoup_lim2_update            0.001             0.015        0.010         0.038        8.007          1
 nemogcmcoup_wam_coupinit           0.001             0.014        0.005         0.021        4.902          1
 icedyn_rdgrft                      0.001             0.013        0.007         0.026        6.522          1
 
 Detailed CPU timing for proc :           0
 ------------------------------
 Section                     CPU Time (s)      CPU Time (%)      Elapsed (s)  
 ELapsed (%)   CPU/Elapsed  Frequency
 stp_ctl                           36.533           142.929  7957231.451  ************        0.000          1
 iom_put_p0k                       36.422           142.495  7957231.436  ************        0.000         11
 nemo_init                          5.646            22.089        3.102        39.140        1.820          1
 scripremap_read_sgl                1.593             6.231        0.556         7.015        2.865          8
 tra_dmp                            1.562             6.113        0.342         4.312        4.571          1
 tra_qsr                            0.460             1.799        0.058         0.728        7.971          1
 sbc_ssr                            0.264             1.033        0.037         0.470        7.090          1
 tra_ldf_iso                        0.211             0.825        0.027         0.339        7.847          1
 tra_adv_fct                        0.185             0.723        0.028         0.353        6.596          1
 dom_hgr                            0.149             0.583        0.019         0.236        7.978          1
 sbc_stokes                         0.147             0.576        0.019         0.242        7.688          1
 ldf_slp                            0.145             0.566        0.020         0.258        7.081          1
 icedyn_rhg                         0.144             0.563        0.021         0.263        6.902          1
 nonosc                             0.122             0.478        0.015         0.193        7.973          2
 sbc                                0.120             0.468        0.016         0.204        7.399          1
 dyn_vor                            0.114             0.446        0.015         0.188        7.662          1
 dyn_spg_ts                         0.108             0.422        0.015         0.192        7.102          1
 tra_nxt                            0.106             0.413        0.014         0.175        7.620          1
 sbc_rnf                            0.103             0.405        0.014         0.173        7.551          1
 tmx_itf                            0.102             0.398        0.013         0.169        7.618          1
 nemogcmcoup_lim2_get               0.099             0.388        0.013         0.170        7.385          2
 dyn_nxt                            0.099             0.386        0.013         0.170        7.342          1
 zdf_phy                            0.092             0.360        0.011         0.139        8.379          1
 dom_vvl_sf_swp                     0.088             0.343        0.011         0.142        7.789          1
 ice_dyn_adv_pra                    0.074             0.289        0.012         0.152        6.142          1
 zdf_tke_tke                        0.071             0.279        0.010         0.120        7.489          1
 zdf_tmx                            0.071             0.278        0.010         0.120        7.455          1
 dom_vvl_sf_nxt                     0.062             0.242        0.008         0.098        7.983          2
 icestp                             0.060             0.234        0.008         0.097        7.766          1
 dia_wri                            0.050             0.196        0.007         0.089        7.075          1
 dyn_zdf                            0.048             0.188        0.006         0.080        7.594          1
 dyn_ldf                            0.047             0.183        0.006         0.073        8.029          1
 div_hor                            0.043             0.170        0.006         0.082        6.687          2
 dyn_zad                            0.043             0.168        0.005         0.068        8.015          1
 ice_dyn_adv_pra_adv_y              0.042             0.166        0.005         0.057        9.310         13
 parinter_init                      0.042             0.164        0.025         0.312        1.688          8
 tra_zdf_imp                        0.036             0.142        0.005         0.063        7.244          1
 ldf_eiv                            0.035             0.137        0.004         0.055        8.036          1
 wzv                                0.034             0.131        0.004         0.052        8.069          2
 dyn_keg                            0.031             0.119        0.004         0.048        8.057          1
 tra_sbc                            0.030             0.117        0.004         0.047        8.042          1
 eos-pot                            0.027             0.107        0.003         0.044        7.868          3
 parinter_fld_mult                  0.025             0.098        0.003         0.041        7.634         10
 dyn_hpg                            0.024             0.095        0.003         0.038        8.104          1
 zdf_ddm                            0.024             0.095        0.003         0.040        7.702          1
 zdf_tke_avn                        0.024             0.093        0.003         0.039        7.804          1
 bn2                                0.023             0.090        0.003         0.035        8.184          2
 ice_dyn_adv_pra_adv_x              0.022             0.087        0.004         0.045        6.167         13
 rab_3d                             0.021             0.082        0.003         0.034        7.716          2
 zdf_sh2                            0.020             0.080        0.003         0.037        6.938          1
 stp_oceandyn                       0.020             0.080        0.002         0.031        8.367          1
 zdf_evd                            0.017             0.065        0.003         0.033        6.383          1
 zdf_mxl                            0.016             0.061        0.003         0.033        6.041          1
 ice_thd_main                       0.015             0.058        0.002         0.026        7.293          1
 sbc_hbp                            0.015             0.057        0.002         0.024        7.665          1
 sbc_sglcpl_ice_flx                 0.014             0.054        0.002         0.022        7.853          1
 icecor                             0.014             0.053        0.002         0.027        6.436          2
 stp_tracers                        0.012             0.046        0.002         0.021        6.968          1
 tra_bbl                            0.011             0.044        0.002         0.019        7.342          1
 zps_hde                            0.011             0.041        0.001         0.017        7.699          1
 ldf_eiv_dia                        0.010             0.039        0.010         0.125        0.995          1
 nemogcmcoup_lim2_update            0.010             0.038        0.001         0.015        8.007          1
 scripremap_alloc                   0.007             0.028        0.003         0.032        2.756          8
 icedyn_rdgrft                      0.007             0.026        0.001         0.013        6.522          1
 nemogcmcoup_coupinit               0.006             0.022        0.002         0.021        3.427          1
 tra_adv                            0.006             0.022        0.004         0.051        1.402          1
 nemogcmcoup_wam_coupinit           0.005             0.021        0.001         0.014        4.902          1
 ldf_eiv_trp                        0.005             0.021        0.005         0.067        1.001          1
 iceupdate_flx                      0.005             0.018        0.001         0.018        3.285          1
 
 Inclusive timing for proc :           0
 ---------------------------
 Section                     Elapsed Time (s)      % of total        
 CPU Time (s)      CPU/Elapsed      Frequency
 stp_ctl                      7957231.451           100.000            36.533             0.000              1
 iom_put_p0k                  7957231.437           100.000            36.422             0.000             11
 nemo_init                          3.121             0.000             5.795             1.857              1
 scripremap_read_sgl                0.558             0.000             1.599             2.864              8
 stp_tracers                        0.502             0.000             2.662             5.303              1
 tra_dmp                            0.342             0.000             1.562             4.571              1
 nemogcmcoup_coupinit               0.303             0.000             0.227             0.747              1
 nemogcmcoup_wam_coupinit           0.283             0.000             1.426             5.041              1
 stp_sbc                            0.153             0.000             1.099             7.172              1
 sbc                                0.153             0.000             1.099             7.171              1
 stp_oceandyn                       0.077             0.000             0.596             7.714              1
 icestp                             0.063             0.000             0.433             6.881              1
 tra_adv                            0.063             0.000             0.328             5.241              1
 stp_vertical                       0.059             0.000             0.444             7.562              1
 zdf_phy                            0.059             0.000             0.444             7.562              1
 tra_qsr                            0.058             0.000             0.460             7.967              1
 ice_dyn                            0.046             0.000             0.306             6.714              1
 tra_adv_fct                        0.043             0.000             0.307             7.069              1
 sbc_ssr                            0.037             0.000             0.264             7.085              1
 stp_lateral                        0.028             0.000             0.202             7.261              1
 tra_ldf                            0.027             0.000             0.212             7.867              1
 tra_ldf_iso                        0.027             0.000             0.211             7.839              1
 parinter_init                      0.025             0.000             0.042             1.673              8
 zdf_tmx                            0.023             0.000             0.173             7.540              1
 icedyn_adv                         0.022             0.000             0.145             6.610              1
 ice_dyn_adv_pra                    0.021             0.000             0.140             6.560              1
 icedyn_rhg                         0.021             0.000             0.147             6.921              1
 ldf_slp                            0.020             0.000             0.145             7.071              1
 sbc_wave_sglexe                    0.019             0.000             0.149             7.710              1
 sbc_stokes                         0.019             0.000             0.147             7.708              1
 dom_hgr                            0.019             0.000             0.149             7.966              1
 nonosc                             0.015             0.000             0.122             7.944              2
 dyn_spg                            0.015             0.000             0.108             7.154              1
 dyn_spg_ts                         0.015             0.000             0.108             7.152              1
 ldf_eiv_trp                        0.015             0.000             0.015             0.995              1
 dyn_vor                            0.015             0.000             0.114             7.648              1
 nemogcmcoup_lim2_get               0.015             0.000             0.105             7.190              2
 tra_nxt                            0.014             0.000             0.106             7.604              1
 sbc_rnf                            0.014             0.000             0.103             7.552              1
 dyn_nxt                            0.013             0.000             0.099             7.327              1
 tmx_itf                            0.013             0.000             0.102             7.602              1
 dom_vvl_sf_swp                     0.011             0.000             0.088             7.770              1
 ldf_eiv_dia                        0.010             0.000             0.010             0.994              1
 zdf_tke_tke                        0.010             0.000             0.071             7.467              1
 dyn_adv                            0.009             0.000             0.074             7.952              1
 dom_vvl_sf_nxt                     0.008             0.000             0.062             7.925              2
 div_hor                            0.007             0.000             0.052             7.953              2
 dyn_zdf                            0.006             0.000             0.048             7.550              1
 stp_diag                           0.006             0.000             0.050             7.992              1
 dia_wri                            0.006             0.000             0.050             7.997              1
 dyn_ldf                            0.006             0.000             0.047             7.990              1
 stp_thermodyn                      0.006             0.000             0.044             7.681              1
 icethd                             0.005             0.000             0.036             6.556              1
 dyn_zad                            0.005             0.000             0.043             7.973              1
 tra_zdf                            0.005             0.000             0.041             7.789              1
 tra_zdf_imp                        0.005             0.000             0.036             7.203              1
 ice_dyn_adv_pra_adv_y              0.005             0.000             0.042             8.616             13
 ldf_tra                            0.004             0.000             0.036             7.982              1
 ldf_eiv                            0.004             0.000             0.035             7.985              1
 wzv                                0.004             0.000             0.034             7.961              2
 ssh_nxt                            0.004             0.000             0.032             7.948              1
 ice_dyn_adv_pra_adv_x              0.004             0.000             0.022             5.596             13
 dyn_keg                            0.004             0.000             0.031             7.998              1
 tra_sbc                            0.004             0.000             0.030             7.981              1
 eos-pot                            0.004             0.000             0.027             7.681              3
 parinter_fld_mult                  0.004             0.000             0.025             7.029             10
 zdf_ddm                            0.003             0.000             0.024             7.633              1
 zdf_mxl                            0.003             0.000             0.020             6.284              1
 zdf_tke_avn                        0.003             0.000             0.024             7.732              1
 dyn_hpg                            0.003             0.000             0.024             8.029              1
 sbc_hbp                            0.003             0.000             0.024             7.904              1
 zdf_sh2                            0.003             0.000             0.020             6.872              1
 bn2                                0.003             0.000             0.023             8.022              2
 rab_3d                             0.003             0.000             0.021             7.560              2
 zdf_evd                            0.003             0.000             0.017             6.627              1
 icecor                             0.002             0.000             0.016             6.769              2
 scripremap_alloc                   0.002             0.000             0.007             2.856              8
 nemogcmcoup_lim2_update            0.002             0.000             0.018             7.834              1
 ice_thd_main                       0.002             0.000             0.015             7.194              1
 icesbc                             0.002             0.000             0.016             7.937              2
 sbc_sglcpl_ice_flx                 0.002             0.000             0.014             7.954              1
 zps_hde                            0.002             0.000             0.013             7.848              1
 tra_bbl                            0.002             0.000             0.013             7.920              1
 icedyn_rdgrft                      0.001             0.000             0.007             6.346              1
 eos-insitu                         0.001             0.000             0.007             7.204              1
 
 Inclusive timing for proc :           0
 ---------------------------
 Section                     Elapsed Time (s)      % of total        
 CPU Time (s)      CPU/Elapsed      Frequency
 stp_ctl                      7957231.451           100.000            36.533             0.000              1
 iom_put_p0k                  7957231.437           100.000            36.422             0.000             11
 nemo_init                          3.121             0.000             5.795             1.857              1
 scripremap_read_sgl                0.558             0.000             1.599             2.864              8
 stp_tracers                        0.502             0.000             2.662             5.303              1
 tra_dmp                            0.342             0.000             1.562             4.571              1
 nemogcmcoup_coupinit               0.303             0.000             0.227             0.747              1
 nemogcmcoup_wam_coupinit           0.283             0.000             1.426             5.041              1
 stp_sbc                            0.153             0.000             1.099             7.172              1
 sbc                                0.153             0.000             1.099             7.171              1
 stp_oceandyn                       0.077             0.000             0.596             7.714              1
 icestp                             0.063             0.000             0.433             6.881              1
 tra_adv                            0.063             0.000             0.328             5.241              1
 stp_vertical                       0.059             0.000             0.444             7.562              1
 zdf_phy                            0.059             0.000             0.444             7.562              1
 tra_qsr                            0.058             0.000             0.460             7.967              1
 ice_dyn                            0.046             0.000             0.306             6.714              1
 tra_adv_fct                        0.043             0.000             0.307             7.069              1
 sbc_ssr                            0.037             0.000             0.264             7.085              1
 stp_lateral                        0.028             0.000             0.202             7.261              1
 tra_ldf                            0.027             0.000             0.212             7.867              1
 tra_ldf_iso                        0.027             0.000             0.211             7.839              1
 parinter_init                      0.025             0.000             0.042             1.673              8
 zdf_tmx                            0.023             0.000             0.173             7.540              1
 icedyn_adv                         0.022             0.000             0.145             6.610              1
 ice_dyn_adv_pra                    0.021             0.000             0.140             6.560              1
 icedyn_rhg                         0.021             0.000             0.147             6.921              1
 ldf_slp                            0.020             0.000             0.145             7.071              1
 sbc_wave_sglexe                    0.019             0.000             0.149             7.710              1
 sbc_stokes                         0.019             0.000             0.147             7.708              1
 dom_hgr                            0.019             0.000             0.149             7.966              1
 nonosc                             0.015             0.000             0.122             7.944              2
 dyn_spg                            0.015             0.000             0.108             7.154              1
 dyn_spg_ts                         0.015             0.000             0.108             7.152              1
 ldf_eiv_trp                        0.015             0.000             0.015             0.995              1
 dyn_vor                            0.015             0.000             0.114             7.648              1
 nemogcmcoup_lim2_get               0.015             0.000             0.105             7.190              2
 tra_nxt                            0.014             0.000             0.106             7.604              1
 sbc_rnf                            0.014             0.000             0.103             7.552              1
 dyn_nxt                            0.013             0.000             0.099             7.327              1
 tmx_itf                            0.013             0.000             0.102             7.602              1
 dom_vvl_sf_swp                     0.011             0.000             0.088             7.770              1
 ldf_eiv_dia                        0.010             0.000             0.010             0.994              1
 zdf_tke_tke                        0.010             0.000             0.071             7.467              1
 dyn_adv                            0.009             0.000             0.074             7.952              1
 dom_vvl_sf_nxt                     0.008             0.000             0.062             7.925              2
 div_hor                            0.007             0.000             0.052             7.953              2
 dyn_zdf                            0.006             0.000             0.048             7.550              1
 stp_diag                           0.006             0.000             0.050             7.992              1
 dia_wri                            0.006             0.000             0.050             7.997              1
 dyn_ldf                            0.006             0.000             0.047             7.990              1
 stp_thermodyn                      0.006             0.000             0.044             7.681              1
 icethd                             0.005             0.000             0.036             6.556              1
 dyn_zad                            0.005             0.000             0.043             7.973              1
 tra_zdf                            0.005             0.000             0.041             7.789              1
 tra_zdf_imp                        0.005             0.000             0.036             7.203              1
 ice_dyn_adv_pra_adv_y              0.005             0.000             0.042             8.616             13
 ldf_tra                            0.004             0.000             0.036             7.982              1
 ldf_eiv                            0.004             0.000             0.035             7.985              1
 wzv                                0.004             0.000             0.034             7.961              2
 ssh_nxt                            0.004             0.000             0.032             7.948              1
 ice_dyn_adv_pra_adv_x              0.004             0.000             0.022             5.596             13
 dyn_keg                            0.004             0.000             0.031             7.998              1
 tra_sbc                            0.004             0.000             0.030             7.981              1
 eos-pot                            0.004             0.000             0.027             7.681              3
 parinter_fld_mult                  0.004             0.000             0.025             7.029             10
 zdf_ddm                            0.003             0.000             0.024             7.633              1
 zdf_mxl                            0.003             0.000             0.020             6.284              1
 zdf_tke_avn                        0.003             0.000             0.024             7.732              1
 dyn_hpg                            0.003             0.000             0.024             8.029              1
 sbc_hbp                            0.003             0.000             0.024             7.904              1
 zdf_sh2                            0.003             0.000             0.020             6.872              1
 bn2                                0.003             0.000             0.023             8.022              2
 rab_3d                             0.003             0.000             0.021             7.560              2
 zdf_evd                            0.003             0.000             0.017             6.627              1
 icecor                             0.002             0.000             0.016             6.769              2
 scripremap_alloc                   0.002             0.000             0.007             2.856              8
 nemogcmcoup_lim2_update            0.002             0.000             0.018             7.834              1
 ice_thd_main                       0.002             0.000             0.015             7.194              1
 icesbc                             0.002             0.000             0.016             7.937              2
 sbc_sglcpl_ice_flx                 0.002             0.000             0.014             7.954              1
 zps_hde                            0.002             0.000             0.013             7.848              1
 tra_bbl                            0.002             0.000             0.013             7.920              1
 icedyn_rdgrft                      0.001             0.000             0.007             6.346              1
 eos-insitu                         0.001             0.000             0.007             7.204              1
 
 Inclusive CPU time for proc :           0
 -----------------------------
 Section                     CPU time (s)          % of total        
 Elapsed Time (s)  CPU/Elapsed      Frequency
 stp_ctl                           36.533           100.000       7957231.451             0.000              1
 iom_put_p0k                       36.422            99.697       7957231.437             0.000             11
 nemo_init                          5.795            15.864             3.121             1.857              1
 stp_tracers                        2.662             7.286             0.502             5.303              1
 scripremap_read_sgl                1.599             4.378             0.558             2.864              8
 tra_dmp                            1.562             4.277             0.342             4.571              1
 nemogcmcoup_wam_coupinit           1.426             3.904             0.283             5.041              1
 stp_sbc                            1.099             3.007             0.153             7.172              1
 sbc                                1.099             3.007             0.153             7.171              1
 stp_oceandyn                       0.596             1.631             0.077             7.714              1
 tra_qsr                            0.460             1.258             0.058             7.967              1
 stp_vertical                       0.444             1.215             0.059             7.562              1
 zdf_phy                            0.444             1.215             0.059             7.562              1
 icestp                             0.433             1.185             0.063             6.881              1
 tra_adv                            0.328             0.897             0.063             5.241              1
 tra_adv_fct                        0.307             0.840             0.043             7.069              1
 ice_dyn                            0.306             0.837             0.046             6.714              1
 sbc_ssr                            0.264             0.723             0.037             7.085              1
 nemogcmcoup_coupinit               0.227             0.621             0.303             0.747              1
 tra_ldf                            0.212             0.580             0.027             7.867              1
 tra_ldf_iso                        0.211             0.577             0.027             7.839              1
 stp_lateral                        0.202             0.552             0.028             7.261              1
 zdf_tmx                            0.173             0.473             0.023             7.540              1
 dom_hgr                            0.149             0.408             0.019             7.966              1
 sbc_wave_sglexe                    0.149             0.407             0.019             7.710              1
 sbc_stokes                         0.147             0.403             0.019             7.708              1
 icedyn_rhg                         0.147             0.401             0.021             6.921              1
 icedyn_adv                         0.145             0.397             0.022             6.610              1
 ldf_slp                            0.145             0.396             0.020             7.071              1
 ice_dyn_adv_pra                    0.140             0.384             0.021             6.560              1
 nonosc                             0.122             0.335             0.015             7.944              2
 dyn_vor                            0.114             0.312             0.015             7.648              1
 dyn_spg                            0.108             0.296             0.015             7.154              1
 dyn_spg_ts                         0.108             0.295             0.015             7.152              1
 tra_nxt                            0.106             0.289             0.014             7.604              1
 nemogcmcoup_lim2_get               0.105             0.288             0.015             7.190              2
 sbc_rnf                            0.103             0.283             0.014             7.552              1
 tmx_itf                            0.102             0.279             0.013             7.602              1
 dyn_nxt                            0.099             0.270             0.013             7.327              1
 dom_vvl_sf_swp                     0.088             0.240             0.011             7.770              1
 dyn_adv                            0.074             0.202             0.009             7.952              1
 zdf_tke_tke                        0.071             0.195             0.010             7.467              1
 dom_vvl_sf_nxt                     0.062             0.169             0.008             7.925              2
 div_hor                            0.052             0.142             0.007             7.953              2
 stp_diag                           0.050             0.138             0.006             7.992              1
 dia_wri                            0.050             0.136             0.006             7.997              1
 dyn_zdf                            0.048             0.132             0.006             7.550              1
 dyn_ldf                            0.047             0.128             0.006             7.990              1
 stp_thermodyn                      0.044             0.122             0.006             7.681              1
 dyn_zad                            0.043             0.118             0.005             7.973              1
 ice_dyn_adv_pra_adv_y              0.042             0.116             0.005             8.616             13
 parinter_init                      0.042             0.114             0.025             1.673              8
 tra_zdf                            0.041             0.111             0.005             7.789              1
 tra_zdf_imp                        0.036             0.099             0.005             7.203              1
 ldf_tra                            0.036             0.098             0.004             7.982              1
 icethd                             0.036             0.097             0.005             6.556              1
 ldf_eiv                            0.035             0.096             0.004             7.985              1
 wzv                                0.034             0.092             0.004             7.961              2
 ssh_nxt                            0.032             0.087             0.004             7.948              1
 dyn_keg                            0.031             0.083             0.004             7.998              1
 tra_sbc                            0.030             0.082             0.004             7.981              1
 eos-pot                            0.027             0.075             0.004             7.681              3
 parinter_fld_mult                  0.025             0.069             0.004             7.029             10
 dyn_hpg                            0.024             0.067             0.003             8.029              1
 zdf_ddm                            0.024             0.066             0.003             7.633              1
 sbc_hbp                            0.024             0.066             0.003             7.904              1
 zdf_tke_avn                        0.024             0.065             0.003             7.732              1
 bn2                                0.023             0.063             0.003             8.022              2
 ice_dyn_adv_pra_adv_x              0.022             0.061             0.004             5.596             13
 rab_3d                             0.021             0.058             0.003             7.560              2
 zdf_sh2                            0.020             0.056             0.003             6.872              1
 zdf_mxl                            0.020             0.053             0.003             6.284              1
 nemogcmcoup_lim2_update            0.018             0.050             0.002             7.834              1
 zdf_evd                            0.017             0.046             0.003             6.627              1
 icecor                             0.016             0.044             0.002             6.769              2
 icesbc                             0.016             0.043             0.002             7.937              2
 ldf_eiv_trp                        0.015             0.041             0.015             0.995              1
 ice_thd_main                       0.015             0.041             0.002             7.194              1
 sbc_sglcpl_ice_flx                 0.014             0.037             0.002             7.954              1
 zps_hde                            0.013             0.035             0.002             7.848              1
 tra_bbl                            0.013             0.035             0.002             7.920              1
 ldf_eiv_dia                        0.010             0.027             0.010             0.994              1
 eos-insitu                         0.007             0.020             0.001             7.204              1
 scripremap_alloc                   0.007             0.018             0.002             2.856              8
 icedyn_rdgrft                      0.007             0.018             0.001             6.346              1
 
 Timing started on 30/07/2025 at 15:08:43 MET +02:00 from GMT
 Timing   ended on 30/07/2025 at 15:08:51 MET +02:00 from GMT
  
  Report on time spent on waiting MPI messages 
     total timing measured between nit000+1 and nitend-1 
     warning: includes restarts writing time if output before nitend... 
  
     Computing       time :    0.000000                    on MPI rank :        1
     Waiting lbc_lnk time :    0.000000 ( 0.0 %)           on MPI rank :        1
     Waiting  global time :    0.000000 ( 0.0 %)           on MPI rank :        1
     Total           time : *********** (SYPD:    -0.000 ) on MPI rank :        1
     Computing       time :    0.000000                    on MPI rank :        2
     Waiting lbc_lnk time :    0.000000 ( 0.0 %)           on MPI rank :        2
     Waiting  global time :    0.000000 ( 0.0 %)           on MPI rank :        2
     Total           time : *********** (SYPD:    -0.000 ) on MPI rank :        2
     Computing       time :    0.000000                    on MPI rank :        3
     Waiting lbc_lnk time :    0.000000 ( 0.0 %)           on MPI rank :        3
     Waiting  global time :    0.000000 ( 0.0 %)           on MPI rank :        3
     Total           time : *********** (SYPD:    -0.000 ) on MPI rank :        3
     Computing       time :    0.000000                    on MPI rank :        4
     Waiting lbc_lnk time :    0.000000 ( 0.0 %)           on MPI rank :        4
     Waiting  global time :    0.000000 ( 0.0 %)           on MPI rank :        4
     Total           time : *********** (SYPD:    -0.000 ) on MPI rank :        4
     Computing       time :    0.000000                    on MPI rank :        5
     Waiting lbc_lnk time :    0.000000 ( 0.0 %)           on MPI rank :        5
     Waiting  global time :    0.000000 ( 0.0 %)           on MPI rank :        5
     Total           time : *********** (SYPD:    -0.000 ) on MPI rank :        5
     Computing       time :    0.000000                    on MPI rank :        6
     Waiting lbc_lnk time :    0.000000 ( 0.0 %)           on MPI rank :        6
     Waiting  global time :    0.000000 ( 0.0 %)           on MPI rank :        6
     Total           time : *********** (SYPD:    -0.000 ) on MPI rank :        6
     Computing       time :    0.000000                    on MPI rank :        7
     Waiting lbc_lnk time :    0.000000 ( 0.0 %)           on MPI rank :        7
     Waiting  global time :    0.000000 ( 0.0 %)           on MPI rank :        7
     Total           time : *********** (SYPD:    -0.000 ) on MPI rank :        7
     Computing       time :    0.000000                    on MPI rank :        8
     Waiting lbc_lnk time :    0.000000 ( 0.0 %)           on MPI rank :        8
     Waiting  global time :    0.000000 ( 0.0 %)           on MPI rank :        8
     Total           time : *********** (SYPD:    -0.000 ) on MPI rank :        8
     Computing       time :    0.000000                    on MPI rank :        9
     Waiting lbc_lnk time :    0.000000 ( 0.0 %)           on MPI rank :        9
     Waiting  global time :    0.000000 ( 0.0 %)           on MPI rank :        9
     Total           time : *********** (SYPD:    -0.000 ) on MPI rank :        9
     Computing       time :    0.000000                    on MPI rank :       10
     Waiting lbc_lnk time :    0.000000 ( 0.0 %)           on MPI rank :       10
     Waiting  global time :    0.000000 ( 0.0 %)           on MPI rank :       10
     Total           time : *********** (SYPD:    -0.000 ) on MPI rank :       10
     Computing       time :    0.000000                    on MPI rank :       11
     Waiting lbc_lnk time :    0.000000 ( 0.0 %)           on MPI rank :       11
     Waiting  global time :    0.000000 ( 0.0 %)           on MPI rank :       11
     Total           time : *********** (SYPD:    -0.000 ) on MPI rank :       11
     Computing       time :    0.000000                    on MPI rank :       12
     Waiting lbc_lnk time :    0.000000 ( 0.0 %)           on MPI rank :       12
     Waiting  global time :    0.000000 ( 0.0 %)           on MPI rank :       12
     Total           time : *********** (SYPD:    -0.000 ) on MPI rank :       12
     Computing       time :    0.000000                    on MPI rank :       13
     Waiting lbc_lnk time :    0.000000 ( 0.0 %)           on MPI rank :       13
     Waiting  global time :    0.000000 ( 0.0 %)           on MPI rank :       13
     Total           time : *********** (SYPD:    -0.000 ) on MPI rank :       13
     Computing       time :    0.000000                    on MPI rank :       14
     Waiting lbc_lnk time :    0.000000 ( 0.0 %)           on MPI rank :       14
     Waiting  global time :    0.000000 ( 0.0 %)           on MPI rank :       14
     Total           time : *********** (SYPD:    -0.000 ) on MPI rank :       14
